08000513
02000593
008000ef
0000006f
00000293
00000313
00b35e63
00231393
007503b3
0003a383
007282b3
00130313
fe9ff06f
00028513
00008067
00000000
00000000
00000000
00000000
00000000
00000000
00000000
00000000
00000000
00000000
00000000
00000000
00000000
00000000
00000000
00000000
00000000
00000001
00000001
00000002
00000003
00000005
00000008
0000000D
00000015
00000022
00000037
00000059
00000090
000000E9
00000179
00000262
000003DB
00000001
00000001
00000002
00000003
00000005
00000008
0000000D
00000015
00000022
00000037
00000059
00000090
000000E9
00000179
00000262
000003DB
